-----------the 1th EndMap-----------
651279843
927438651
843516927
165792384
792384165
384165792
516927438
279843516
438651279
-----------the 2th EndMap-----------
289653714
471289536
653471892
928365147
147928365
365147928
892536471
714892653
536714289
-----------the 3th EndMap-----------
876942531
315876294
942315687
768429153
153768429
429153768
687294315
531687942
294531876
-----------the 4th EndMap-----------
729681345
534729816
681534297
972168453
453972168
168453972
297816534
345297681
816345729
-----------the 5th EndMap-----------
612749835
358261749
497835261
126974583
583126974
974583126
261497358
835612497
749358612
-----------the 6th EndMap-----------
732564819
819327456
456198732
273645981
981273645
645981273
327456198
198732564
564819327
-----------the 7th EndMap-----------
864759213
213648975
975132864
486597321
321486597
597321486
648975132
132864759
759213648
-----------the 8th EndMap-----------
439527816
816439527
527816439
943752681
681943752
752681943
394275168
168394275
275168394
-----------the 9th EndMap-----------
513849672
984726513
672135984
351498267
498267351
267351498
135984726
849672135
726513849
-----------the 10th EndMap-----------
136794285
947285613
852613794
361479528
479528361
528361479
613947852
794852136
285136947
-----------the 11th EndMap-----------
129473685
856912473
734685912
291347568
568291347
347568291
912734856
685129734
473856129
-----------the 12th EndMap-----------
246385917
385917246
917246385
624538791
538791624
791624538
462853179
853179462
179462853
-----------the 13th EndMap-----------
186952743
529374186
743618529
861295437
295437861
437861295
618529374
952743618
374186952
-----------the 14th EndMap-----------
736452981
819673452
524981673
367245198
198367245
245198367
673524819
981736524
452819736
-----------the 15th EndMap-----------
875496312
312587964
964231875
758649123
123758649
649123758
587964231
231875496
496312587
-----------the 16th EndMap-----------
632179458
917458326
845326179
263791584
791584263
584263791
326917845
179845632
458632917
-----------the 17th EndMap-----------
837164529
164952378
952837641
783416295
416295783
295783416
378641952
641529837
529378164
-----------the 18th EndMap-----------
164835972
835729416
729164583
641358297
358297641
297641358
416583729
583972164
972416835
-----------the 19th EndMap-----------
748539621
162487539
953621487
874395216
216874395
395216874
487953162
621748953
539162748
-----------the 20th EndMap-----------
164385792
538927164
792641538
416853279
853279416
279416853
641538927
385792641
927164385
-----------the 21th EndMap-----------
425861973
397425618
861397254
542186739
739542186
186739542
254618397
973254861
618973425
-----------the 22th EndMap-----------
267483159
915267834
483915672
726348591
591726348
348591726
672834915
159672483
834159267
-----------the 23th EndMap-----------
625713984
713498256
498625137
562371849
371849562
849562371
256137498
137984625
984256713
-----------the 24th EndMap-----------
516984372
723651984
849372651
165498237
237165498
498237165
651849723
372516849
984723516
-----------the 25th EndMap-----------
378169452
452378169
169452378
783691524
524783691
691524783
837916245
245837916
916245837
-----------the 26th EndMap-----------
659481273
327659814
481327596
965148732
732965148
148732965
596814327
273596481
814273659
-----------the 27th EndMap-----------
563279481
481563279
279481563
356927148
148356927
927148356
635792814
814635792
792814635
-----------the 28th EndMap-----------
685723491
914568723
237491568
856372149
149856372
372149856
568237914
491685237
723914685
-----------the 29th EndMap-----------
183974652
497526183
652831497
318749265
749265318
265318749
831497526
974652831
526183974
-----------the 30th EndMap-----------
376194528
419528763
852763194
637941285
941285637
285637941
763419852
194852376
528376419
-----------the 31th EndMap-----------
349658217
172934658
586217934
493865721
721493865
865721493
934586172
217349586
658172349
-----------the 32th EndMap-----------
143528796
528796143
796143528
314852679
852679314
679314852
431285967
285967431
967431285
-----------the 33th EndMap-----------
495823761
761495823
823761495
954238617
617954238
238617954
549382176
176549382
382176549
-----------the 34th EndMap-----------
519274836
742836951
368951274
195427683
427683195
683195427
951742368
274368519
836519742
-----------the 35th EndMap-----------
179564832
283179645
564283791
917456328
328917456
456328917
791645283
832791564
645832179
-----------the 36th EndMap-----------
826953714
714826953
953714826
268539147
147268539
539147268
682395471
471682395
395471682
-----------the 37th EndMap-----------
126479583
479583126
583126479
612947358
947358612
358612947
261794835
794835261
835261794
-----------the 38th EndMap-----------
739425816
816739425
425816739
397254168
168397254
254168397
973542681
681973542
542681973
-----------the 39th EndMap-----------
531649782
649827153
827531964
315496278
496278315
278315496
153964827
964782531
782153649
-----------the 40th EndMap-----------
925846731
173259846
684731259
592468317
317592468
468317592
259684173
731925684
846173925
-----------the 41th EndMap-----------
194562378
562378194
378194562
419256837
256837419
837419256
941625783
625783941
783941625
-----------the 42th EndMap-----------
975248136
613975482
248613759
597824361
361597824
824361597
759482613
136759248
482136975
-----------the 43th EndMap-----------
513872469
469513872
872469513
135728694
694135728
728694135
351287946
946351287
287946351
-----------the 44th EndMap-----------
569478321
321956784
784132569
695847213
213695847
847213695
956784132
132569478
478321956
-----------the 45th EndMap-----------
643571928
289364571
715928364
436157892
892436157
157892436
364715289
928643715
571289643
-----------the 46th EndMap-----------
915624783
246378915
783591246
159462837
462837159
837159462
591246378
624783591
378915624
-----------the 47th EndMap-----------
673415289
415289673
289673415
736154892
154892736
892736154
367541928
541928367
928367541
-----------the 48th EndMap-----------
372496851
496185723
185372964
237649518
649518237
518237649
723964185
964851372
851723496
-----------the 49th EndMap-----------
524198376
763452198
981376452
245819637
637245819
819637245
452981763
376524981
198763524
-----------the 50th EndMap-----------
314568729
568729314
729314568
431856972
856972431
972431856
143685297
685297143
297143685
-----------the 51th EndMap-----------
415763982
982415763
763982415
541376298
298541376
376298541
154637829
829154637
637829154
-----------the 52th EndMap-----------
815496372
649372158
237158496
581964723
964723581
723581964
158649237
496237815
372815649
-----------the 53th EndMap-----------
485217936
936548172
172693485
854721369
369854721
721369854
548172693
693485217
217936548
-----------the 54th EndMap-----------
124675398
675839241
839124756
412567983
567983412
983412567
241756839
756398124
398241675
-----------the 55th EndMap-----------
983467215
467521839
521983674
398746152
746152398
152398746
839674521
674215983
215839467
-----------the 56th EndMap-----------
567943821
439182567
821756439
675394218
394218675
218675394
756439182
943821756
182567943
-----------the 57th EndMap-----------
324519768
951687324
768243951
432195876
195876432
876432195
243951687
519768243
687324519
-----------the 58th EndMap-----------
365942817
781365429
942781653
536294178
178536294
294178536
653429781
817653942
429817365
-----------the 59th EndMap-----------
983426751
426751983
751983426
398642175
642175398
175398642
839264517
264517839
517839264
-----------the 60th EndMap-----------
365987142
987214653
214365879
536798421
798421536
421536798
653879214
879142365
142653987
-----------the 61th EndMap-----------
817495632
263178495
549632178
781954326
326781954
954326781
178549263
632817549
495263817
-----------the 62th EndMap-----------
726958143
958143726
143726958
672895314
895314672
314672895
267589431
589431267
431267589
-----------the 63th EndMap-----------
293148675
481675329
756329148
932814567
814567932
567932814
329481756
148756293
675293481
-----------the 64th EndMap-----------
892641573
641357928
357892416
289164735
164735289
735289164
928416357
416573892
573928641
-----------the 65th EndMap-----------
348927561
561483792
792615348
834279156
156834279
279156834
483792615
615348927
927561483
-----------the 66th EndMap-----------
529347186
347618295
618529473
952734861
734861952
861952734
295473618
473186529
186295347
-----------the 67th EndMap-----------
139768452
876524139
452391876
913687245
687245913
245913687
391876524
768452391
524139768
-----------the 68th EndMap-----------
917438265
652791438
384265791
179843526
526179843
843526179
791384652
265917384
438652917
-----------the 69th EndMap-----------
694251873
125738694
873946125
469512387
512387469
387469512
946125738
251873946
738694251
-----------the 70th EndMap-----------
831947265
265183479
479526831
318794652
652318794
794652318
183479526
526831947
947265183
-----------the 71th EndMap-----------
291845376
845763129
763291584
912458637
458637912
637912458
129584763
584376291
376129845
-----------the 72th EndMap-----------
756823941
382941567
194567823
675238419
238419675
419675238
567382194
823194756
941756382
-----------the 73th EndMap-----------
917452683
836917245
452836791
179524368
368179524
524368179
791245836
683791452
245683917
-----------the 74th EndMap-----------
475132896
132968547
968475213
754321689
321689754
689754321
547213968
213896475
896547132
-----------the 75th EndMap-----------
261458937
458379126
379261845
612584793
584793612
793612584
126845379
845937261
937126458
-----------the 76th EndMap-----------
481762539
953481627
762953814
148276395
395148276
276395148
814627953
539814762
627539481
-----------the 77th EndMap-----------
963817425
817254396
254963781
639178542
178542639
542639178
396781254
781425963
425396817
-----------the 78th EndMap-----------
857693421
421785936
936142857
578369214
214578369
369214578
785936142
142857693
693421785
-----------the 79th EndMap-----------
698341752
341752698
752698341
869134275
134275869
275869134
986413527
413527986
527986413
-----------the 80th EndMap-----------
689142573
142573689
573689142
968214357
214357968
357968214
896421735
421735896
735896421
-----------the 81th EndMap-----------
597213864
132864759
648759213
975321486
321486975
486975321
759132648
213648597
864597132
-----------the 82th EndMap-----------
159876243
768324159
243915768
591687432
687432591
432591687
915768324
876243915
324159876
-----------the 83th EndMap-----------
378259164
164837592
592416378
783925641
641783925
925641783
837592416
416378259
259164837
-----------the 84th EndMap-----------
316745289
745289316
289316745
631574928
574928631
928631574
163457892
457892163
892163457
-----------the 85th EndMap-----------
415267389
726893415
389154726
541672938
672938541
938541672
154726893
267389154
893415267
-----------the 86th EndMap-----------
729361458
458297136
136584729
972613845
845972613
613845972
297136584
584729361
361458297
-----------the 87th EndMap-----------
275384196
384961527
961275438
752843619
843619752
619752843
527438961
438196275
196527384
-----------the 88th EndMap-----------
943627851
851943627
627851943
394762185
185394762
762185394
439276518
518439276
276518439
-----------the 89th EndMap-----------
184762953
395841762
276953841
418627539
539418627
627539418
841276395
953184276
762395184
-----------the 90th EndMap-----------
352681974
168749352
974523168
235816497
816497235
497235816
523168749
681974523
749352681
-----------the 91th EndMap-----------
382961574
961457823
457382619
238196745
196745238
745238196
823619457
619574382
574823961
-----------the 92th EndMap-----------
568134279
279568134
134279568
856413927
927856413
413927856
685341792
792685341
341792685
-----------the 93th EndMap-----------
263958741
741263958
958741263
632589417
417632589
589417632
326895174
174326895
895174326
-----------the 94th EndMap-----------
361795842
428361579
795428136
613957284
284613957
957284613
136579428
842136795
579842361
-----------the 95th EndMap-----------
782953614
614278539
539461782
827395146
146827395
395146827
278539461
461782953
953614278
-----------the 96th EndMap-----------
836247951
247951836
951836247
683724195
724195683
195683724
368472519
472519368
519368472
-----------the 97th EndMap-----------
169453287
453872916
872169345
691534728
534728691
728691534
916345872
345287169
287916453
-----------the 98th EndMap-----------
654972381
813654297
972813465
546729138
138546729
729138546
465297813
381465972
297381654
-----------the 99th EndMap-----------
412836957
683579412
957124683
241368795
368795241
795241368
124683579
836957124
579412836
-----------the 100th EndMap-----------
175624839
839751462
462398175
517246983
983517246
246983517
751462398
398175624
624839751
